# 100
1957527
594011
1046099
1282722
425656
1008544
643868
1013697
158693
1029715
308487
1307161
1583379
1800305
1035543
895531
1066819
1086506
1087730
1330587
655677
400282
1227497
614685
55399
1033667
276602
1938537
454338
539576
99933
1326425
1309559
402425
202006
941780
1461178
1080291
1759441
549385
1228219
1935329
330896
1672550
1596972
939217
1850136
624193
1677901
570409
1921187
607390
1475931
987262
1699099
788870
458788
710711
1419936
333023
702916
780122
517992
139417
41703
390940
1182368
1281477
468060
1800297
1959934
715887
559156
1629746
473473
707698
148300
1001312
1645199
1949161
1546872
579881
1175540
99593
1237264
1698958
452544
1453238
1117350
800571
634933
964438
1102939
991114
1052800
1818919
699011
371026
339613
1827418
