# 75
1891831
559618
868654
1246127
47649
1781623
764495
519700
1289990
1959923
1207348
1136449
1900502
1407273
95336
27661
1746798
675486
862874
1720815
78314
518104
1029351
1685552
433855
1469941
1252495
824588
852840
539655
1943264
1456466
493470
500505
674127
624511
1045216
1561214
589053
228593
518147
4937
1541036
1822703
939110
1021174
1503752
1033112
707598
1918224
1126642
1435874
1649404
1104448
1833372
1238539
707119
159252
1096538
1581401
1102416
1905904
278412
1460116
1518032
1874539
989660
135874
1878275
1807350
1958788
841115
661157
456242
1018091
