# 344
398428
926078
1441945
585763
1152707
62125
73460
1734322
906310
851896
707414
1337936
1710644
83341
104040
239735
584146
1150023
466455
1727986
969820
1665872
1826164
60157
120805
578501
226899
612984
510533
176332
478175
1425908
1888335
800742
577824
994480
717594
316183
1287454
386664
1171672
1584259
574190
666079
317975
600738
1897433
490675
1234210
845491
943938
1693129
858717
943935
1838099
1438339
1350865
718310
297121
1946256
351694
105147
141651
463125
1870828
687273
1611085
1493987
1345123
279111
1358487
340107
305854
683676
650498
66907
1708657
1415859
536992
392630
1605757
1296645
1801972
948951
1721755
1627182
1597515
1351813
799541
43841
1379144
736943
235728
805678
1042283
1106952
1106282
1257536
1694364
1237823
1471669
1353418
1462557
374707
599256
1909898
269075
409266
1863912
604929
1420719
645640
728897
154319
1355589
1424170
250143
1731567
1559677
1772333
212698
1294755
1732630
1960496
436545
944774
874689
1335586
922000
235610
1471856
422997
700766
988483
876191
1569739
1090159
150542
1213264
858793
1825398
129754
191541
134021
775080
1022157
1603283
1798482
112894
147456
110194
556453
1159944
570890
1610787
209792
357378
543570
944079
416472
267719
456060
887462
674978
1391939
993815
650461
1758043
1954414
321811
1555780
681638
382048
957180
800912
790366
511405
966380
597800
1436572
1281862
1906086
692490
1450329
914522
1054690
1754136
1798950
1123253
500841
1335862
796806
727316
1755100
483475
901278
1850058
1134984
438071
1735482
650038
838047
413716
288422
1444873
1289956
136411
1573159
1035682
73137
238513
648671
440877
1251980
776806
1405525
1092645
1399864
78790
1502182
454977
752108
1019331
186205
23714
282404
845655
1204561
1407718
1879273
1775615
1369582
149743
896045
211855
1218458
267946
278999
636104
1218668
853767
507460
1144771
1064332
1153150
1800606
456561
627212
1125279
1885979
1905337
994228
203087
308691
279135
287067
1935405
1763946
272357
1342696
372236
277632
717156
1209218
1931269
227709
1785097
1763596
1442175
1411344
1940030
262707
312980
1682815
187464
859547
1126152
1648172
282108
781962
106371
460864
823565
1611998
1734920
788410
709909
807635
1901789
759289
411558
1816193
604141
969885
1176521
391076
1275342
1528497
892678
1373808
946269
182245
1799335
575496
1349469
718346
179662
1400282
547408
1354564
1001424
886894
711143
1162728
203388
1828630
1197729
1501334
1584930
1231605
340159
1012790
1789888
1939402
942821
596330
458195
1008793
789716
1372796
1700497
281069
475566
1016918
1633540
1653953
1777993
355766
75382
1892092
830102
1449028
1378872
455863
