# 249
953440
501846
852506
1014158
933987
876080
549133
925669
89778
172216
497845
15436
876655
856181
79611
658146
1021245
920747
918223
934180
814509
697841
485664
183099
122307
960167
596460
144983
853261
126313
974633
454443
918485
798851
551254
1025635
760980
139439
1067035
618443
161292
112195
184337
619677
508640
1048158
189853
204897
453276
681882
942209
502368
373203
967533
965344
969651
392345
960365
965718
157425
896178
57864
416686
862770
377206
595001
256251
523255
858217
182607
205688
986456
472249
662278
934186
57854
28651
478262
978363
358208
1089196
870750
370924
157266
783476
964346
236306
986508
196999
128709
600006
349449
286921
357914
196475
776429
1052984
613211
84535
380379
764673
805820
79585
211250
986023
558793
285983
153921
398837
574452
800453
1013843
819929
562621
43611
976856
648347
26548
151531
382322
18147
823076
950485
75882
1077932
444280
544262
632416
721183
882859
656892
945418
1061112
156722
319628
123013
596931
154774
868734
219657
1040695
994600
992074
156803
268136
5742
213359
741895
856072
958789
573760
404028
221491
843253
1159
595127
837081
471174
695082
774602
326076
1073666
121432
53229
194287
1012599
84904
401342
775218
319127
658147
827200
31048
986253
644999
785669
886019
13915
594667
1039738
205436
671039
528912
364831
448390
1072679
925069
149513
143605
982656
292235
157042
908783
445428
169335
371406
425861
834391
894385
771267
817953
720869
83137
558238
790384
500289
201949
739504
499307
329140
292724
153797
583407
643055
371607
869048
1060906
11339
1090039
471853
1044987
307479
230644
1057353
54965
1079791
379749
1079881
748254
955778
165060
629148
109417
154709
404968
435250
87779
393565
741949
839176
29899
79835
279492
855503
517626
420466
410983
780039
577830
