# Nodes: 104 Edges: 147
# FromNodeId	ToNodeId
0	5
0	8
0	13
0	62
1	3
1	7
1	48
2	12
2	41
2	77
3	1
3	35
3	43
3	77
3	95
4	12
4	26
4	69
5	0
5	22
5	39
7	1
7	10
7	14
7	27
7	55
8	0
8	66
9	10
9	84
10	7
10	9
10	40
11	68
11	89
12	2
12	4
12	20
12	32
13	0
13	54
13	73
13	76
14	7
14	22
14	32
14	41
14	100
15	92
16	36
16	38
16	66
17	41
18	74
18	102
19	65
19	96
20	12
20	95
22	5
22	14
23	67
23	81
24	49
25	57
25	97
25	102
26	4
26	79
26	92
27	7
27	37
27	46
27	80
28	90
28	100
29	74
30	88
30	89
31	38
31	63
31	64
31	81
32	12
32	14
33	82
35	3
35	41
35	58
36	16
37	27
37	43
37	98
38	16
38	31
38	61
39	5
39	69
39	83
39	84
39	88
39	100
40	10
40	64
40	66
41	2
41	14
41	17
41	35
41	50
41	56
42	68
42	78
43	3
43	37
43	52
43	67
43	70
44	91
44	94
45	70
46	27
47	59
47	63
47	81
48	1
48	66
49	24
49	90
50	41
51	68
51	89
51	99
52	43
52	53
52	76
52	81
52	102
53	52
54	13
54	80
55	7
55	64
56	41
57	25
57	71
58	35
58	67
58	76
58	80
58	88
59	47
59	72
59	86
59	91
60	91
61	38
61	96
62	0
62	72
62	87
62	94
63	31
63	47
63	67
63	101
64	31
64	40
64	55
64	65
64	73
64	97
64	103
65	19
65	64
65	73
66	8
66	16
66	40
66	48
67	23
67	43
67	58
67	63
68	11
68	42
68	51
68	76
69	4
69	39
69	90
70	43
70	45
71	57
71	82
71	91
72	59
72	62
72	83
73	13
73	64
73	65
73	90
74	18
74	29
76	13
76	52
76	58
76	68
77	2
77	3
77	78
78	42
78	77
79	26
79	87
80	27
80	54
80	58
80	81
80	97
81	23
81	31
81	47
81	52
81	80
82	33
82	71
82	91
82	98
83	39
83	72
83	102
84	9
84	39
86	59
86	92
86	103
87	62
87	79
87	100
88	30
88	39
88	58
89	11
89	30
89	51
90	28
90	49
90	69
90	73
91	44
91	59
91	60
91	71
91	82
91	94
92	15
92	26
92	86
92	96
92	101
94	44
94	62
94	91
94	98
94	101
95	3
95	20
96	19
96	61
96	92
97	25
97	64
97	80
97	101
98	37
98	82
98	94
99	51
100	14
100	28
100	39
100	87
101	63
101	92
101	94
101	97
102	18
102	25
102	52
102	83
103	64
103	86
